0
0
1
2
3
4
5
6
7
8
9
10
11
12
13
14
15
16
17
18
19
20
21
22
23
24
25
26
27
28
29
30
31
32
33
34
35
36
37
38
39
40
41
42
43
44
45
46
47
48
49
50
51
52
53
54
55
56
57
58
59
60
61
62
63
64
65
66
67
68
69
70
71
72
73
74
75
76
77
78
79
80
81
82
83
84
85
86
87
88
89
90
91
92
93
94
95
96
97
98
99
100
101
102
103
104
105
106
107
108
109
110
111
112
113
114
115
116
117
118
119
120
121
122
123
124
125
126
127
128
129
130
131
132
133
134
135
136
137
138
139
140
141
142
143
144
145
146
147
148
149
150
151
152
153
154
155
156
157
158
159
160
161
162
163
164
165
166
167
168
169
170
171
172
173
174
175
176
177
178
179
180
180
180
181
182
183
184
185
186
187
188
189
190
191
192
193
194
195
196
197
198
199
200
201
202
203
204
205
206
207
208
209
210
211
212
213
214
215
216
217
218
219
220
221
222
223
224
225
226
227
228
229
230
231
232
233
234
235
236
237
238
239
240
241
242
243
244
245
246
247
248
249
250
251
252
253
254
255
256
257
258
259
260
261
262
263
264
265
266
267
268
269
270
271
272
273
274
275
276
277
278
279
280
281
282
283
284
285
286
287
288
289
290
291
292
293
294
295
296
297
298
299
300
301
302
303
304
305
306
307
308
309
310
311
312
313
314
315
316
317
318
319
320
321
322
323
324
325
326
327
328
329
330
331
332
333
334
335
336
337
338
339
340
341
342
343
344
345
346
347
348
349
350
351
352
353
354
355
356
357
358
359
360
360
360
361
362
363
364
365
366
367
368
369
370
371
372
373
374
375
376
377
378
379
380
381
382
383
384
385
386
387
388
389
390
391
392
393
394
395
396
397
398
399
400
401
402
403
404
405
406
407
408
409
410
411
412
413
414
415
416
417
418
419
420
420
420
421
422
423
424
425
426
427
428
429
430
431
432
433
434
435
436
437
438
439
440
441
442
443
444
445
446
447
448
449
450
451
452
453
454
455
456
457
458
459
460
461
462
463
464
465
466
467
468
469
470
471
472
473
474
475
476
477
478
479
480
481
482
483
484
485
486
487
488
489
490
491
492
493
494
495
496
497
498
499
500
501
502
503
504
505
506
507
508
509
510
511
512
513
514
515
516
517
518
519
520
521
522
523
524
525
526
527
528
529
530
531
532
533
534
535
536
537
538
539
540
541
542
543
544
545
546
547
548
549
550
551
552
553
554
555
556
557
558
559
560
561
562
563
564
565
566
567
568
569
570
571
572
573
574
575
576
577
578
579
580
581
582
583
584
585
586
587
588
589
590
591
592
593
594
595
596
597
598
598.927
598.927
599.927
600.927
601.927
602.927
603.927
604.927
605.927
606.927
607.927
608.927
609.927
610.927
611.927
612.927
613.927
614.927
615.927
616.927
617.927
618.927
619.927
620.927
621.927
622.927
623.927
624.927
625.927
626.927
627.927
628.927
629.927
630.927
631.927
632.927
633.927
634.927
635.927
636.927
637.927
638.927
639.927
640.927
641.927
642.927
643.927
644.927
645.927
646.927
647.927
648.927
649.927
650.927
651.927
652.927
653.927
654.927
655.927
656.927
657.927
658.927
658.927
658.927
659.927
660.927
661.927
662.927
663.927
664.927
665.927
666.927
667.927
668.927
669.927
670.927
671.927
672.927
673.927
674.927
675.927
676.927
677.927
678.927
679.927
680.927
681.927
682.927
683.927
684.927
685.927
686.927
687.927
688.927
689.927
690.927
691.927
692.927
693.927
694.927
695.927
696.927
697.927
698.927
699.927
700.927
701.927
702.927
703.927
704.927
705.927
706.927
707.927
708.927
709.927
710.927
711.927
712.927
713.927
714.927
715.927
716.927
717.927
718.927
718.927
718.927
719.927
720.927
721.927
722.927
723.927
724.927
725.927
726.927
727.927
728.927
729.927
730.927
731.927
732.927
733.927
734.927
735.927
736.927
737.927
738.927
739.927
740.927
741.927
742.927
743.927
744.927
745.927
746.927
747.927
748.927
749.927
750.927
751.927
752.927
753.927
754.927
755.927
756.927
757.927
758.927
759.927
760.927
761.927
762.927
763.927
764.927
765.927
766.927
767.927
768.927
769.927
770.927
771.927
772.927
773.927
774.927
775.927
776.927
777.927
778.927
778.927
778.927
779.927
780.927
781.927
782.927
783.927
784.927
785.927
786.927
787.927
788.927
789.927
790.927
791.927
792.927
793.927
794.927
795.927
796.927
797.927
798.927
799.927
800.927
801.927
802.927
803.927
804.927
805.927
806.927
807.927
808.927
809.927
810.927
811.927
812.927
813.927
814.927
815.927
816.927
817.927
818.927
819.927
820.927
821.927
822.927
823.927
824.927
825.927
826.927
827.927
828.927
829.927
830.927
831.927
832.927
833.927
834.927
835.927
836.927
837.927
838.927
838.927
838.927
839.927
840.927
841.927
842.927
843.927
844.927
845.927
846.927
847.927
848.927
849.927
850.927
851.927
852.927
853.927
854.927
855.927
856.927
857.927
858.927
859.927
860.927
861.927
862.927
863.927
864.927
865.927
866.927
867.927
868.927
869.927
870.927
871.927
872.927
873.927
874.927
875.927
876.927
877.927
878.927
879.927
880.927
881.927
882.927
883.927
884.927
885.927
886.927
887.927
888.927
889.927
890.927
891.927
892.927
893.927
894.927
895.927
896.927
897.927
898.927
898.927
898.927
899.927
900.927
901.927
902.927
903.927
904.927
905.927
906.927
907.927
908.927
909.927
910.927
911.927
912.927
913.927
914.927
915.927
916.927
917.927
918.927
919.927
920.927
921.927
922.927
923.927
924.927
925.927
926.927
927.927
928.927
929.927
930.927
931.927
932.927
933.927
934.927
935.927
936.927
937.927
938.927
939.927
940.927
941.927
942.927
943.927
944.927
945.927
946.927
947.927
948.927
949.927
950.927
951.927
952.927
953.927
954.927
955.927
956.927
957.927
958.927
958.927
958.927
959.927
960.927
961.927
962.927
963.927
964.927
965.927
966.927
967.927
968.927
969.927
970.927
971.927
972.927
973.927
974.927
975.927
976.927
977.927
978.927
979.927
980.927
981.927
982.927
983.927
984.927
985.927
986.927
987.927
988.927
989.927
990.927
991.927
992.927
993.927
994.927
995.927
996.927
997.927
998.927
999.927
1000.93
1001.93
1002.93
1003.93
1004.93
1005.93
1006.93
1007.93
1008.93
1009.93
1010.93
1011.93
1012.93
1013.93
1014.93
1015.93
1016.93
1017.93
1018.93
1018.93
1018.93
1019.93
1020.93
1021.93
1022.93
1023.93
1024.93
1025.93
1026.93
1027.93
1028.93
1029.93
1030.93
1031.93
1032.93
1033.93
1034.93
1035.93
1036.93
1037.93
1038.93
1039.93
1040.93
1041.93
1042.93
1043.93
1044.93
1045.93
1046.93
1047.93
1048.93
1049.93
1050.93
1051.93
1052.93
1053.93
1053.97
1053.97
1054.97
1055.97
1056.97
1057.97
1058.97
1059.97
1060.97
1061.97
1062.97
1063.97
1064.97
1065.97
1066.97
1067.97
1068.97
1069.97
1070.97
1071.97
1072.97
1073.97
1074.97
1075.97
1076.97
1077.97
1078.97
1079.97
1080.97
1081.97
1082.97
1083.97
1084.97
1085.97
1086.97
1087.97
1088.97
1089.97
1090.97
1091.97
1092.97
1093.97
1094.97
1095.97
1096.97
1097.97
1098.97
1099.97
1100.97
1101.97
1102.97
1103.97
1104.97
1105.97
1106.97
1107.97
1108.97
1109.97
1110.97
1111.97
1112.97
1113.97
1113.97
1113.97
1114.97
1115.97
1116.97
1117.97
1118.97
1119.97
1120.97
1121.97
1122.97
1123.97
1124.97
1125.97
1126.97
1127.97
1128.97
1129.97
1130.97
1131.97
1132.97
1133.97
1134.97
1135.97
1136.97
1137.97
1138.97
1139.97
1140.97
1141.97
1142.97
1143.97
1144.97
1145.97
1146.97
1147.97
1148.97
1149.97
1150.97
1151.97
1152.97
1153.97
1154.97
1155.97
1156.97
1157.97
1158.97
1159.97
1160.97
1161.97
1162.97
1163.97
1164.97
1165.97
1166.97
1167.97
1168.97
1169.97
1170.97
1171.97
1172.97
1173.97
1173.97
1173.97
1174.97
1175.97
1176.97
1177.97
1178.97
1179.97
1180.97
1181.97
1182.97
1183.97
1184.97
1185.97
1186.97
1187.97
1188.97
1189.97
1190.97
1191.97
1192.97
1193.97
1194.97
1195.97
1196.97
1197.97
1198.97
1199.97
1200.97
1201.97
1202.97
1203.97
1204.97
1205.97
1206.97
1207.97
1208.97
1209.97
1210.97
1211.97
1212.97
1213.97
1214.97
1215.97
1216.97
1217.97
1218.97
1219.97
1220.97
1221.97
1222.97
1223.97
1224.97
1225.97
1226.97
1227.97
1228.97
1229.97
1230.97
1231.97
1232.97
1233.97
1234.97
1235.97
1236.97
1237.97
1238.97
1239.97
1240.97
1241.97
1242.97
1243.97
1244.97
1245.97
1246.97
1247.97
1248.97
1249.97
1250.97
1251.97
1252.97
1253.97
1254.97
1255.97
1256.97
1257.97
1258.97
1259.97
1260.97
1261.97
1262.97
1263.97
1264.97
1265.97
1266.97
1267.97
1268.97
1269.97
1270.97
1271.97
1272.97
1273.97
1274.97
1275.97
1276.97
1277.97
1278.97
1279.97
1280.97
1281.97
1282.97
1283.97
1284.97
1285.97
1286.97
1287.97
1288.97
1289.97
1290.97
1291.97
1292.97
1293.97
1294.97
1295.97
1296.97
1297.97
1298.97
1299.97
1300.97
1301.97
1302.97
1303.97
1304.97
1305.97
1306.97
1307.97
1308.97
1309.97
1310.97
1311.97
1312.97
1313.97
1314.97
1315.97
1316.97
1317.97
1318.97
1319.97
1320.97
1321.97
1322.97
1323.97
1324.97
1325.97
1326.97
1327.97
1328.97
1329.97
1330.97
1331.97
1332.97
1333.97
1334.97
1335.97
1336.97
1337.97
1338.97
1339.97
1340.97
1341.97
1342.97
1343.97
1344.97
1345.97
1346.97
1347.97
1348.97
1349.97
1350.97
1351.97
1352.97
1353.97
1353.97
1353.97
1354.97
1355.97
1356.97
1357.97
1358.97
1359.97
1360.97
1361.97
1362.97
1363.97
1364.97
1365.97
1366.97
1367.97
1368.97
1369.97
1370.97
1371.97
1372.97
1373.97
1374.97
1375.97
1376.97
1377.97
1378.97
1379.97
1380.97
1381.97
1382.97
1383.97
1384.97
1385.97
1386.97
1387.97
1388.97
1389.97
1390.97
1391.97
1392.97
1393.97
1394.97
1395.97
1396.97
1397.97
1398.97
1399.97
1400.97
1401.97
1402.97
1403.97
1404.97
1405.97
1406.97
1407.97
1408.97
1409.97
1410.97
1411.97
1412.97
1413.97
1413.97
1413.97
1414.97
1415.97
1416.97
1417.97
1418.97
1419.97
1420.97
1421.97
1422.97
1423.97
1424.97
1425.97
1426.97
1427.97
1428.97
1429.97
1430.97
1431.97
1432.97
1433.97
1434.97
1435.97
1436.97
1437.97
1438.97
1439.97
1440.97
1441.97
1442.97
1443.97
1444.97
1445.97
1446.97
1447.97
1448.97
1449.97
1450.97
1451.97
1452.97
1453.97
1454.97
1455.97
1456.97
1457.97
1458.97
1459.97
1460.97
1461.97
1462.97
1463.97
1464.97
1465.97
1466.97
1467.97
1468.97
1469.97
1470.97
1471.97
1472.97
1473.97
1474.97
1475.97
1476.97
1477.97
1478.97
1479.97
1480.97
1481.97
1482.97
1483.97
1484.97
1485.97
1486.97
1487.97
1488.97
1489.97
1490.97
1491.97
1492.97
1493.97
1494.97
1495.97
1496.97
1497.97
1498.97
1499.97
1500.97
1501.97
1502.97
1503.97
1504.97
1505.97
1506.97
1507.97
1508.97
1509.97
1510.97
1511.97
1512.97
1513.97
1514.97
1515.97
1516.97
1517.97
1518.97
1519.97
1520.97
1521.97
1522.97
1523.97
1524.97
1525.97
1526.97
1527.97
1528.97
1529.97
1530.97
1531.97
1532.97
1533.97
1534.97
1535.97
1536.97
1537.97
1538.97
1539.97
1540.97
1541.97
1542.97
1543.97
1544.97
1545.97
1546.97
1547.97
1548.97
1549.97
1550.97
1551.97
1552.97
1553.97
1554.97
1555.97
1556.97
1557.97
1558.97
1559.97
1560.97
1561.97
1562.97
1563.97
1564.97
1565.97
1566.97
1567.97
1568.97
1569.97
1570.97
1571.97
1572.97
1573.97
1574.97
1575.97
1576.97
1577.97
1578.97
1579.97
1580.97
1581.97
1582.97
1583.97
1584.97
1585.97
1586.97
1587.97
1588.97
1589.97
1590.97
1591.97
1592.97
1593.97
1593.97
1593.97
1594.97
1595.97
1596.97
1597.97
1598.97
1599.97
1600.97
1601.97
1602.97
1603.97
1604.97
1605.97
1606.97
1607.97
1608.97
1609.97
1610.97
1611.97
1612.97
1613.97
1614.97
1615.97
1616.97
1617.97
1618.97
1619.97
1620.97
1621.97
1622.97
1623.97
1624.97
1625.97
1626.97
1627.97
1628.97
1629.97
1630.97
1631.97
1632.97
1633.97
1634.97
1635.97
1636.97
1637.97
1638.97
1639.97
1640.97
1641.97
1642.97
1643.97
1644.97
1645.97
1646.97
1647.97
1648.97
1649.97
1650.97
1651.97
1652.97
1653.97
1654.97
1655.97
1656.97
1657.97
1658.97
1659.97
1660.97
1661.97
1662.97
1663.97
1664.97
1665.97
1666.97
1667.97
1668.97
1669.97
1670.97
1671.97
1672.97
1673.97
1674.97
1675.97
1676.97
1677.97
1678.97
1679.97
1680.97
1681.97
1682.97
1683.97
1684.97
1685.97
1686.97
1687.97
1688.97
1689.97
1690.97
1691.97
1692.97
1693.97
1694.97
1695.97
1696.97
1697.97
1698.97
1699.97
1700.97
1701.97
1702.97
1703.97
1704.97
1705.97
1706.97
1707.97
1708.97
1709.97
1710.97
1711.97
1712.97
1713.97
1714.97
1715.97
1716.97
1717.97
1718.97
1719.97
1720.97
1721.97
1722.97
1723.97
1724.97
1725.97
1726.97
1727.97
1728.97
1729.97
1730.97
1731.97
1732.97
1733.97
1734.97
1735.97
1736.97
1737.97
1738.97
1739.97
1740.97
1741.97
1742.97
1743.97
1744.97
1745.97
1746.97
1747.97
1748.97
1749.97
1750.97
1751.97
1752.97
1753.97
1754.97
1755.97
1756.97
1757.97
1758.97
1759.97
1760.97
1761.97
1762.97
1763.97
1764.97
1765.97
1766.97
1767.97
1768.97
1769.97
1770.97
1771.97
1772.97
1773.97
1773.97
1773.97
1774.97
1775.97
1776.97
1777.97
1778.97
1779.97
1780.97
1781.97
1782.97
1783.97
1784.97
1785.97
1786.97
1787.97
1788.97
1789.97
1790.97
1791.97
1792.97
1793.97
1794.97
1795.97
1796.97
1797.97
1798.97
1799.97
1800.97
1801.97
1802.97
1803.97
1804.97
1805.97
1806.97
1807.97
1808.97
1809.97
1810.97
1811.97
1812.97
1813.97
1814.97
1815.97
1816.97
1817.97
1818.97
1819.97
1820.97
1821.97
1822.97
1823.97
1824.97
1825.97
1826.97
1827.97
1828.97
1829.97
1830.97
1831.97
1832.97
1833.97
1833.97
1833.97
1834.97
1835.97
1836.97
1837.97
1838.97
1839.97
1840.97
1841.97
1842.97
1843.97
1844.97
1845.97
1846.97
1847.97
1848.97
1849.97
1850.97
1851.97
1852.97
1853.97
1854.97
1855.97
1856.97
1857.97
1858.97
1859.97
1860.97
1861.97
1862.97
1863.97
1864.97
1865.97
1866.97
1867.97
1868.97
1869.97
1870.97
1871.97
1872.97
1873.97
1874.97
1875.97
1876.97
1877.97
1878.97
1879.97
1880.97
1881.97
1882.97
1883.97
1884.97
1885.97
1886.97
1887.97
1888.97
1889.97
1890.97
1891.97
1892.97
1893.97
1893.97
1893.97
1894.97
1895.97
1896.97
1897.97
1898.97
1899.97
1900.97
1901.97
1902.97
1903.97
1904.97
1905.97
1906.97
1907.97
1908.97
1909.97
1910.97
1911.97
1912.97
1913.97
1914.97
1915.97
1916.97
1917.97
1918.97
1919.97
1920.97
1921.97
1922.97
1923.97
1924.97
1925.97
1926.97
1927.97
1928.97
1929.97
1930.97
1931.97
1932.97
1933.97
1934.97
1935.97
1936.97
1937.97
1938.97
1939.97
1940.97
1941.97
1942.97
1943.97
1944.97
1945.97
1946.97
1947.97
1948.97
1949.97
1950.97
1951.97
1952.97
1953.97
1953.97
1953.97
1954.97
1955.97
1956.97
1957.97
1958.97
1959.97
1960.97
1961.97
1962.97
1963.97
1964.97
1965.97
1966.97
1967.97
1968.97
1969.97
1970.97
1971.97
1972.97
1973.97
1974.97
1975.97
1976.97
1977.97
1978.97
1979.97
1980.97
1981.97
1982.97
1983.97
1984.97
1985.97
1986.97
1987.97
1988.97
1989.97
1990.97
1991.97
1992.97
1993.97
1994.97
1995.97
1996.97
1997.97
1998.97
1999.97
2000.97
2001.97
2002.97
2003.97
2004.97
2005.97
2006.97
2007.97
2008.97
2009.97
2010.97
2011.97
2012.97
2013.97
2013.97
2013.97
2014.97
2015.97
2016.97
2017.97
2018.97
2019.97
2020.97
2021.97
2022.97
2023.97
2024.97
2025.97
2026.97
2027.97
2028.97
2029.97
2030.97
2031.97
2032.97
2033.97
2034.97
2035.97
2036.97
2037.97
2038.97
2039.97
2040.97
2041.97
2042.97
2043.97
2044.97
2045.97
2046.97
2047.97
2048.97
2049.97
2050.97
2051.97
2052.97
2053.97
2054.97
2055.97
2056.97
2057.97
2058.97
2059.97
2060.97
2061.97
2062.97
2063.97
2064.97
2065.97
2066.97
2067.97
2068.97
2069.97
2070.97
2071.97
2072.97
2073.97
2073.97
2073.97
2074.97
2075.97
2076.97
2077.97
2078.97
2079.97
2080.97
2081.97
2082.97
2083.97
2084.97
2085.97
2086.97
2087.97
2088.97
2089.97
2090.97
2091.97
2092.97
2093.97
2094.97
2095.97
2096.97
2097.97
2098.97
2099.97
2100.97
2101.97
2102.97
2103.97
2104.97
2105.97
2106.97
2107.97
2108.97
2109.97
2110.97
2111.97
2112.97
2113.97
2114.97
2115.97
2116.97
2117.97
2118.97
2119.97
2120.97
2121.97
2122.97
2123.97
2124.97
2125.97
2126.97
2127.97
2128.97
2129.97
2130.97
2131.97
2132.97
2133.97
2133.97
2133.97
2134.97
2135.97
2136.97
2137.97
2138.97
2139.97
2140.97
2141.97
2142.97
2143.97
2144.97
2145.97
2146.97
2147.97
2148.97
2149.97
2150.97
2151.97
2152.97
2153.97
2154.97
2155.97
2156.97
2157.97
2158.97
2159.97
2160.97
2161.97
2162.97
2163.97
2164.97
2165.97
2166.97
2167.97
2168.97
2169.97
2170.97
2171.97
2172.97
2173.97
2174.97
2175.97
2176.97
2177.97
2178.97
2179.97
2180.97
2181.97
2182.97
2183.97
2184.97
2185.97
2186.97
2187.97
2188.97
2189.97
2190.97
2191.97
2192.97
2193.97
2193.97
2193.97
2194.97
2195.97
2196.97
2197.97
2198.97
2199.97
2200.97
2201.97
2202.97
2203.97
2204.97
2205.97
2206.97
2207.97
2208.97
2209.97
2210.97
2211.97
2212.97
2213.97
2214.97
2215.97
2216.97
2217.97
2218.97
2219.97
2220.97
2221.97
2222.97
2223.97
2224.97
2225.97
2226.97
2227.97
2228.97
2229.97
2230.97
2231.97
2232.97
2233.97
2234.97
2235.97
2236.97
2237.97
2238.97
2239.97
2240.97
2241.97
2242.97
2243.97
2244.97
2245.97
2246.97
2247.97
2248.97
2249.97
2250.97
2251.97
2252.97
2253.97
2253.97
2253.97
2254.97
2255.97
2256.97
2257.97
2258.97
2259.97
2260.97
2261.97
2262.97
2263.97
2264.97
2265.97
2266.97
2267.97
2268.97
2269.97
2270.97
2271.97
2272.97
2273.97
2274.97
2275.97
2276.97
2277.97
2278.97
2279.97
2280.97
2281.97
2282.97
2283.97
2284.97
2285.97
2286.97
2287.97
2288.97
2289.97
2290.97
2291.97
2292.97
2293.97
2294.97
2295.97
2296.97
2297.97
2298.97
2299.97
2300.97
2301.97
2302.97
2303.97
2304.97
2305.97
2306.97
2307.97
2308.97
2309.97
2310.97
2311.97
2312.97
2313.97
2313.97
2313.97
2314.97
2315.97
2316.97
2317.97
2318.97
2319.97
2320.97
2321.97
2322.97
2323.97
2324.97
2325.97
2326.97
2327.97
2328.97
2329.97
2330.97
2331.97
2332.97
2333.97
2334.97
2335.97
2336.97
2337.97
2338.97
2339.97
2340.97
2341.97
2342.97
2343.97
2344.97
2345.97
2346.97
2347.97
2348.97
2349.97
2350.97
2351.97
2352.97
2353.97
2354.97
2355.97
2356.97
2357.97
2358.97
2359.97
2360.97
2361.97
2362.11
2362.11
2363.11
2364.11
2365.11
2366.11
2367.11
2368.11
2369.11
2370.11
2371.11
2372.11
2373.11
2374.11
2375.11
2376.11
2377.11
2378.11
2379.11
2380.11
2381.11
2382.11
2383.11
2384.11
2385.11
2386.11
2387.11
2388.11
2389.11
2390.11
2391.11
2392.11
2393.11
2394.11
2395.11
2396.11
2397.11
2398.11
2399.11
2400.11
2401.11
2402.11
2403.11
2404.11
2405.11
2406.11
2407.11
2408.11
2409.11
2410.11
2411.11
2412.11
2413.11
2414.11
2415.11
2416.11
2417.11
2418.11
2419.11
2420.11
2421.11
2422.11
2422.11
2422.11
2423.11
2424.11
2425.11
2426.11
2427.11
2428.11
2429.11
2430.11
2431.11
2432.11
2433.11
2434.11
2435.11
2436.11
2437.11
2438.11
2439.11
2440.11
2441.11
2442.11
2443.11
2444.11
2445.11
2446.11
2447.11
2448.11
2449.11
2450.11
2451.11
2452.11
2453.11
2454.11
2455.11
2456.11
2457.11
2458.11
2459.11
2460.11
2461.11
2462.11
2463.11
2464.11
2465.11
2466.11
2467.11
2468.11
2469.11
2470.11
2471.11
2472.11
2473.11
2474.11
2475.11
2476.11
2477.11
2478.11
2479.11
2480.11
2481.11
2482.11
2482.11
2482.11
2483.11
2484.11
2485.11
2486.11
2487.11
2488.11
2489.11
2490.11
2491.11
2492.11
2493.11
2494.11
2495.11
2496.11
2497.11
2498.11
2499.11
2500.11
2501.11
2502.11
2503.11
2504.11
2505.11
2506.11
2507.11
2508.11
2509.11
2510.11
2511.11
2512.11
2513.11
2514.11
2515.11
2516.11
2517.11
2518.11
2519.11
2520.11
2521.11
2522.11
2523.11
2524.11
2525.11
2526.11
2527.11
2528.11
2529.11
2530.11
2531.11
2532.11
2533.11
2534.11
2535.11
2536.11
2537.11
2538.11
2539.11
2540.11
2541.11
2542.11
2542.11
2542.11
2543.11
2544.11
2545.11
2546.11
2547.11
2548.11
2549.11
2550.11
2551.11
2552.11
2553.11
2554.11
2555.11
2556.11
2557.11
2558.11
2559.11
2560.11
2561.11
2562.11
2563.11
2564.11
2565.11
2566.11
2567.11
2568.11
2569.11
2570.11
2571.11
2572.11
2573.11
2574.11
2575.11
2576.11
2577.11
2578.11
2579.11
2580.11
2581.11
2582.11
2583.11
2584.11
2585.11
2586.11
2587.11
2588.11
2589.11
2589.12
2589.12
2590.12
2591.12
2592.12
2593.12
2594.12
2595.12
2596.12
2597.12
2598.12
2599.12
2600.12
2601.12
2602.12
2603.12
2604.12
2605.12
2606.12
2607.12
2608.12
2609.12
2610.12
2611.12
2612.12
2613.12
2614.12
2615.12
2616.12
2617.12
2618.12
2619.12
2620.12
2621.12
2622.12
2623.12
2624.12
2625.12
2626.12
2627.12
2628.12
2629.12
2630.12
2631.12
2632.12
2633.12
2634.12
2635.12
2636.12
2637.12
2638.12
2639.12
2640.12
2641.12
2642.12
2643.12
2644.12
2645.12
2646.12
2647.12
2648.12
2649.12
2649.12
2649.12
2650.12
2651.12
2652.12
2653.12
2654.12
2655.12
2656.12
2657.12
2658.12
2659.12
2660.12
2661.12
2662.12
2663.12
2664.12
2665.12
2666.12
2667.12
2668.12
2669.12
2670.12
2671.12
2672.12
2673.12
2674.12
2675.12
2676.12
2677.12
2678.12
2679.12
2680.12
2681.12
2682.12
2683.12
2684.12
2685.12
2686.12
2687.12
2688.12
2689.12
2690.12
2691.12
2692.12
2693.12
2694.12
2695.12
2696.12
2697.12
2698.12
2699.12
2700.12
2701.12
2702.12
2703.12
2704.12
2705.12
2706.12
2707.12
2708.12
2709.12
2709.12
2709.12
2710.12
2711.12
2712.12
2713.12
2714.12
2715.12
2716.12
2717.12
2718.12
2719.12
2720.12
2721.12
2722.12
2723.12
2724.12
2725.12
2726.12
2727.12
2728.12
2729.12
2730.12
2731.12
2732.12
2733.12
2734.12
2735.12
2736.12
2737.12
2738.12
2739.12
2740.12
2741.12
2742.12
2743.12
2744.12
2745.12
2746.12
2747.12
2748.12
2749.12
2750.12
2751.12
2752.12
2753.12
2754.12
2755.12
2756.12
2757.12
2758.12
2759.12
2760.12
2761.12
2762.12
2763.12
2764.12
2765.12
2766.12
2767.12
2768.12
2769.12
2769.12
2769.12
2770.12
2771.12
2772.12
2773.12
2774.12
2775.12
2776.12
2777.12
2778.12
2779.12
2780.12
2781.12
2782.12
2783.12
2784.12
2785.12
2786.12
2787.12
2788.12
2789.12
2790.12
2791.12
2792.12
2793.12
2794.12
2795.12
2796.12
2797.12
2798.12
2799.12
2800.12
2801.12
2802.12
2803.12
2804.12
2805.12
2806.12
2807.12
2808.12
2809.12
2810.12
2811.12
2812.12
2813.12
2814.12
2815.12
2816.12
2817.12
2818.12
2819.12
2820.12
2821.12
2822.12
2823.12
2824.12
2825.12
2826.12
2827.12
2828.12
2829.12
2829.12
2829.12
2830.12
2831.12
2832.12
2833.12
2834.12
2835.12
2836.12
2837.12
2838.12
2839.12
2840.12
2841.12
2842.12
2843.12
2844.12
2845.12
2846.12
2847.12
2848.12
2849.12
2850.12
2851.12
2852.12
2853.12
2854.12
2855.12
2856.12
2857.12
2858.12
2859.12
2860.12
2861.12
2862.12
2863.12
2864.12
2865.12
2866.12
2867.12
2868.12
2869.12
2870.12
2871.12
2872.12
2873.12
2874.12
2875.12
2876.12
2877.12
2878.12
2879.12
2880.12
2881.12
2882.12
2883.12
2884.12
2885.12
2886.12
2887.12
2888.12
2889.12
2889.12
2889.12
2890.12
2891.12
2892.12
2893.12
2894.12
2895.12
2896.12
2897.12
2898.12
2899.12
2900.12
2901.12
2902.12
2903.12
2904.12
2905.12
2906.12
2907.12
2908.12
2909.12
2910.12
2911.12
2912.12
2913.12
2914.12
2915.12
2916.12
2917.12
2918.12
2919.12
2920.12
2921.12
2922.12
2923.12
2924.12
2925.12
2926.12
2927.12
2928.12
2929.12
2930.12
2931.12
2932.12
2933.12
2934.12
2935.12
2936.12
2937.12
2938.12
2939.12
2940.12
2941.12
2942.12
2943.12
2944.12
2945.12
2946.12
2947.12
2948.12
2949.12
2949.12
2949.12
2950.12
2951.12
2952.12
2953.12
2954.12
2955.12
2956.12
2957.12
2958.12
2959.12
2960.12
2961.12
2962.12
2963.12
2964.12
2965.12
2966.12
2967.12
2968.12
2969.12
2970.12
2971.12
2972.12
2973.12
2974.12
2975.12
2976.12
2977.12
2978.12
2979.12
2980.12
2981.12
2982.12
2983.12
2984.12
2985.12
2986.12
2987.12
2988.12
2989.12
2990.12
2991.12
2992.12
2993.12
2994.12
2995.12
2996.12
2997.12
2998.12
2999.12
3000.12
3001.12
3002.12
3003.12
3004.12
3005.12
3006.12
3007.12
3008.12
3009.12
3009.12
3009.12
3010.12
3011.12
3012.12
3013.12
3014.12
3015.12
3016.12
3017.12
3018.12
3019.12
3020.12
3021.12
3022.12
3023.12
3024.12
3025.12
3026.12
3027.12
3028.12
3029.12
3030.12
3031.12
3032.12
3033.12
3034.12
3035.12
3036.12
3037.12
3038.12
3039.12
3040.12
3041.12
3042.12
3043.12
3044.12
3045.12
3046.12
3047.12
3048.12
3049.12
3050.12
3051.12
3052.12
3053.12
3054.12
3055.12
3056.12
3057.12
3058.12
3059.12
3060.12
3061.12
3062.12
3063.12
3064.12
3065.12
3066.12
3067.12
3068.12
3069.12
3069.12
3069.12
3070.12
3071.12
3072.12
3073.12
3074.12
3075.12
3076.12
3077.12
3078.12
3079.12
3080.12
3081.12
3082.12
3083.12
3084.12
3085.12
3086.12
3087.12
3088.12
3089.12
3090.12
3091.12
3092.12
3093.12
3094.12
3095.12
3096.12
3097.12
3098.12
3099.12
3100.12
3101.12
3102.12
3103.12
3104.12
3105.12
3106.12
3107.12
3108.12
3109.12
3110.12
3111.12
3112.12
3113.12
3114.12
3115.12
3116.12
3117.12
3118.12
3119.12
3120.12
3121.12
3122.12
3123.12
3124.12
3125.12
3126.12
3127.12
3128.12
3129.12
3129.12
3129.12
3130.12
3131.12
3132.12
3133.12
3134.12
3135.12
3136.12
3137.12
3138.12
3139.12
3140.12
3141.12
3142.12
3143.12
3144.12
3145.12
3146.12
3147.12
3148.12
3149.12
3150.12
3151.12
3152.12
3153.12
3154.12
3155.12
3156.12
3157.12
3158.12
3159.12
3160.12
3161.12
3162.12
3163.12
3164.12
3165.12
3166.12
3167.12
3168.12
3169.12
3170.12
3171.12
3172.12
3173.12
3174.12
3175.12
3176.12
3177.12
3178.12
3179.12
3180.12
3181.12
3182.12
3183.12
3184.12
3185.12
3186.12
3187.12
3188.12
3189.12
3189.12
3189.12
3190.12
3191.12
3192.12
3193.12
3194.12
3195.12
3196.12
3197.12
3198.12
3199.12
3200.12
3201.12
3202.12
3203.12
3204.12
3205.12
3206.12
3207.12
3208.12
3209.12
3210.12
3211.12
3212.12
3213.12
3214.12
3215.12
3216.12
3217.12
3218.12
3219.12
3220.12
3221.12
3222.12
3223.12
3224.12
3225.12
3226.12
3227.12
3228.12
3229.12
3230.12
3231.12
3232.12
3233.12
3234.12
3235.12
3236.12
3237.12
3238.12
3239.12
3240.12
3241.12
3242.12
3243.12
3244.12
3245.12
3246.12
3247.12
3248.12
3249.12
3249.12
3249.12
3250.12
3251.12
3252.12
3253.12
3254.12
3255.12
3256.12
3257.12
3258.12
3259.12
3260.12
3261.12
3262.12
3263.12
3264.12
3265.12
3266.12
3267.12
3268.12
3269.12
3270.12
3271.12
3272.12
3273.12
3274.12
3275.12
3276.12
3277.12
3278.12
3279.12
3280.12
3281.12
3282.12
3283.12
3284.12
3285.12
3286.12
3287.12
3288.12
3289.12
3290.12
3291.12
3292.12
3293.12
3294.12
3295.12
3296.12
3297.12
3298.12
3299.12
3300.12
3301.12
3302.12
3303.12
3304.12
3305.12
3306.12
3307.12
3308.12
3309.12
3309.12
