18229.3 421.126
18229.3 1480.33
18229.3 2821.33
18229.3 3213.32
18229.3 392.103
18229.3 2228.12
18229.3 556.142
18229.3 2716.45
18229.3 476.027
18229.3 3121.84
18229.3 2337.62
18229.3 2218.36
18229.3 388.056
18229.3 2502.08
18229.3 365.247
18229.3 2632.25
18229.3 2575.7
18229.3 2990.31
18229.3 333.022
18229.3 3014.2
18229.3 322.862
18229.3 2859.19
18229.3 3760.83
18229.3 1491.66
18229.3 2636.93
18229.3 4178.15
18229.3 2249.51
18229.3 2445.55
18229.3 299.622
18229.3 230.242
18229.3 224.196
18229.3 4224
18229.3 271.41
18229.3 3390.79
18229.3 2477.14
18229.3 2130.12
18229.3 3532.42
18229.3 243.123
18229.3 2379.79
18229.3 2045.02
18229.3 177.141
18229.3 1271.07
18229.3 2430.33
18229.3 207.547
18229.3 3430.22
18229.3 2973.99
18229.3 1735.74
18229.3 838.377
18229.3 1255.32
18229.3 1868.63
18229.3 2919.41
18229.3 4276.28
18229.3 2970.23
18229.3 173.457
18229.3 2805.22
18229.3 1563.48
18229.3 2051.89
18229.3 2311.78
18229.3 2332.54
18229.3 1571.78
18229.3 1752.65
18229.3 168.371
18229.3 1486.15
18229.3 3320.03
18229.3 3566.58
18229.3 315.319
18229.3 1298.09
18229.3 1855.25
18229.3 1093.88
18229.3 1085.58
18229.3 1893.25
18229.3 2631.55
18229.3 124.034
18229.3 2315.2
18229.3 3366.04
18229.3 1664.71
18229.3 3720.3
18229.3 2082.46
18229.3 1782.45
18229.3 3271.16
18229.3 1169.37
18229.3 1717.1
18229.3 2430.07
18229.3 608.403
18229.3 191.356
18229.3 1843.11
18229.3 2605.12
18229.3 197.039
18229.3 2412.86
18229.3 1482.85
18229.3 4347.85
18229.3 1850.9
18229.3 1616.07
18229.3 2206.67
18229.3 1446.26
18229.3 3090.99
18229.3 2127.28
18229.3 1515.45
18229.3 1578.48
18229.3 2295.1
18229.3 541.555
18229.3 623.047
18229.3 3035.82
18229.3 1975.25
18229.3 1390.34
18229.3 2257.91
18229.3 341.096
18229.3 3063.11
18229.3 2092.66
18229.3 1457.06
18229.3 2719.08
18229.3 1665.46
18229.3 1446.05
18229.3 1329.84
18229.3 1365.84
18229.3 2921.29
18229.3 1832.85
18229.3 2100.39
18229.3 1464.23
18229.3 1548.8
18229.3 1978.67
18229.3 1506.29
18229.3 2002.47
18229.3 2981.63
18229.3 1511.04
18229.3 1886.07
18229.3 921.029
18229.3 1993.84
18229.3 2035.95
18229.3 2544.77
18229.3 3233.3
18229.3 1771.9
18229.3 1011.99
18229.3 3218
18229.3 798.193
18229.3 2051.36
18229.3 863.404
18229.3 720.337
18229.3 1938
18229.3 835.687
18229.3 457.828
18229.3 3196.81
18229.3 3297.12
18229.3 2652.89
18229.3 1873.19
18229.3 1762.86
18229.3 2199.63
18229.3 1457.56
18229.3 1664.47
18229.3 1231.05
18229.3 4029.99
18229.3 1595.02
18229.3 2266.75
18229.3 1910.31
18229.3 2278.94
18229.3 276.144
18229.3 1384.6
18229.3 4073.65
18229.3 1863.84
18229.3 751.505
18229.3 1379.29
18229.3 1079.74
18229.3 111.931
18229.3 1832.74
18229.3 1735.23
18229.3 190.199
18229.3 1767.88
18229.3 1883.87
18229.3 96.4585
18229.3 940.63
18229.3 1773.01
18229.3 1692.9
18229.3 166.747
18229.3 1804.65
18229.3 1803.59
18229.3 2038.89
18229.3 2322.54
18229.3 1487.79
18229.3 913.898
18229.3 1561.66
18229.3 1590.9
18229.3 1263.93
18229.3 2256.25
18229.3 334.78
18229.3 1194.98
18229.3 1781.18
18229.3 2217.99
18229.3 1731.98
18229.3 2471.33
18229.3 3273.87
18229.3 1668.01
18229.3 1668.77
18229.3 1486.94
18229.3 1141.8
18229.3 2440.1
18229.3 1674.45
18229.3 970.202
18229.3 905.524
18229.3 1637.91
18229.3 3310.93
18229.3 688.9
18229.3 3331.06
18229.3 1095.42
18229.3 3249.13
18229.3 2629.87
18229.3 2418.67
18229.3 1422.23
18229.3 304.825
18229.3 2136.38
18229.3 707.13
18229.3 682.062
18229.3 919.622
18229.3 2562.22
18229.3 1608.38
18229.3 832.185
18229.3 2437.87
18229.3 442.881
18229.3 1284.01
18229.3 2117.02
18229.3 1848.55
18229.3 2097.35
18229.3 1171.99
18229.3 405.342
18229.3 368.509
18229.3 3375.17
18229.3 764.176
18229.3 648.769
18229.3 1065.31
18229.3 281.195
18229.3 1533.29
18229.3 599.374
18229.3 590.907
18229.3 580.497
18229.3 234.159
18229.3 835.049
18229.3 377.582
18229.3 341.971
18229.3 350.544
18229.3 434.263
18229.3 2112.95
18229.3 2752.18
18229.3 798.12
18229.3 410.506
18229.3 1424.45
18229.3 337.027
18229.3 1791.86
18229.3 239.306
18229.3 813.819
18229.3 364.339
18229.3 234.133
18229.3 1900.31
18229.3 1078.15
18229.3 380.918
18229.3 293.171
18229.3 2579.02
18229.3 2916.24
18229.3 1258.84
18229.3 887.191
18229.3 508.801
18229.3 1726.82
18229.3 623.037
18229.3 1762.71
18229.3 583.694
18229.3 283.861
18229.3 588.661
18229.3 1227.29
18229.3 1256.02
18229.3 1167.11
18229.3 329.111
18229.3 1466.45
18229.3 671.519
18229.3 1172.59
18229.3 441.997
18229.3 707.045
18229.3 311.913
18229.3 225.496
18229.3 2326.6
18229.3 99.5519
18229.3 179.494
18229.3 2067.07
18229.3 1529.39
18229.3 1385.02
18229.3 369.421
18229.3 810.575
18229.3 479.847
