5730 394.026 2
5730 3943.02 2
5730 2254.07 2
5730 2848.05 2
5730 3607.02 2
5730 3221.11 2
5730 659.19 2
5730 443.003 2
5730 1064.05 2
5730 3656.18 2
5730 384.098 2
5730 401.028 2
5730 3201.01 2
5730 2625.22 2
5730 2861.1 2
5730 432.096 2
5730 1488.09 2
5730 1935.1 2
5730 1064.39 3
5730 425.162 3
5730 1240.43 2
5730 2785.07 2
5730 355.03 2
5730 2574.24 2
5730 383.113 2
5730 2597.01 2
5730 1626.4 2
5730 2894.02 2
5730 2658.18 2
5730 4602.09 2
5730 1753.08 3
5730 912.188 2
5730 424.168 2
5730 617.213 2
5730 2819.34 2
5730 1889.2 3
5730 4968.2 2
5730 3607.06 2
5730 3607.24 2
5730 1696.22 3
5730 2277.1 2
5730 1683.03 2
5730 4968.26 3
5730 3160.23 2
5730 1410.26 3
5730 1001.16 3
5730 2883.1 3
5730 424.053 2
5730 3963.09 2
5730 2512.08 2
5730 453.133 2
5730 4602.11 2
5730 3698.03 2
5730 2772.07 2
5730 445.018 3
5730 2024.12 3
5730 2637.04 3
5730 1823.1 2
5730 2512.21 2
5730 427.137 2
5730 2877.34 2
5730 2653 2
5730 2577.09 2
5730 2894.05 3
5730 2882.09 2
5730 454.164 2
5730 429.119 3
5730 1683.13 2
5730 411.034 3
5730 1065.13 2
5730 2320.41 2
5730 1415.13 2
5730 2163.03 2
5730 438.112 2
5730 617.055 2
5730 4007.05 3
5730 2597.14 3
5730 3495.14 2
5730 472.135 2
5730 1992.24 2
5730 422.166 2
5730 2206.16 2
5730 4007.06 2
5730 432.216 2
5730 3221.01 3
5730 4888.25 2
5730 2282.11 2
5730 2300.2 2
5730 2622.11 2
5730 1283.23 3
5730 1477.27 2
5730 401.079 2
5730 2600.26 2
5730 3078.03 3
5730 2848.1 3
5730 3963.09 2
5730 2844.17 3
5730 424.1 2
5730 2838.13 2
5730 2708.14 2
5730 1240.41 2
5730 912.061 2
5730 449.092 2
5730 455.024 2
5730 2220.16 3
5730 2622.1 2
5730 445.05 2
5730 422.059 2
5730 2756.14 2
5730 617.097 2
5730 1150.19 2
5730 2658.06 3
5730 2163.14 2
5730 924.143 2
5730 1065.29 2
5730 2286.08 2
5730 397.126 2
5730 411.239 2
5730 2637.25 3
5730 2684.25 3
5730 472.204 2
5730 2882.1 3
5730 2028.11 3
5730 445.171 2
5730 2054.1 2
5730 2384.05 3
5730 438.146 2
5730 3034.21 2
5730 2848.14 3
5730 4888.35 2
5730 2819.2 3
5730 1992.18 2
5730 4086.1 3
5730 4330.1 3
5730 2646.13 2
5730 425.173 2
5730 542.083 2
5730 610.027 2
5730 3567.07 2
5730 2726.18 2
5730 1173.09 3
5730 2848.12 2
5730 438.206 2
5730 401.045 2
5730 2756.05 3
5730 3274.1 3
5730 411.055 2
5730 534.06 2
5730 2675.14 3
5730 441.012 2
5730 399.059 2
5730 3567.03 2
5730 386.045 2
5730 1173.14 2
5730 424.028 3
5730 401.087 2
5730 3943.11 3
5730 411.085 2
5730 454.075 2
5730 383.165 2
5730 4102.09 3
5730 2606.12 2
5730 432.181 2
5730 2520.17 2
5730 3567.13 3
5730 383.084 2
5730 610.069 2
5730 3972.07 2
5730 1806.19 2
5730 401.091 2
5730 3064.08 3
5730 1806.05 2
5730 427.136 2
5730 4002.16 3
5730 432.089 2
5730 3915.06 2
5730 1935.03 2
5730 398.207 2
5730 4330.24 2
5730 1557.05 2
5730 401.024 2
5730 2952.12 3
5730 427.085 2
5730 453.102 3
5730 454.205 2
5730 1179.06 3
5730 1635.27 2
5730 425.121 2
5730 2528.12 2
5730 2305.16 2
5730 2883.04 2
5730 440.156 2
5730 2848.05 3
5730 2317.02 2
5730 1935.22 2
5730 2653.14 2
5730 3593.01 3
5730 418.077 2
5730 4102.07 3
5730 1635.47 2
5730 2529.37 2
5730 3873.22 2
5730 2216.05 3
5730 438.102 3
5730 1844.23 3
5730 1488.1 3
5730 4014.13 3
5730 1765.13 3
5730 2659.05 3
5730 429.066 2
5730 1064.38 2
5730 2675.05 3
5730 445.065 3
5730 424.192 2
5730 2396.11 3
5730 2637.16 2
5730 1806.17 2
5730 4888.2 2
5730 411.005 2
5730 3274.22 3
5730 2220.1 3
5730 2600.2 2
5730 3380.02 2
5730 4269.06 3
5730 1960.14 2
5730 415.163 2
5730 415.033 3
5730 3915.15 3
5730 3495.07 2
5730 3607.39 3
5730 2512.23 3
5730 2844.15 2
5730 448.097 2
5730 3211.04 3
5730 383.163 2
5730 455.087 2
5730 1163.03 3
5730 3201.06 2
5730 2883.26 3
5730 4002.16 3
5730 2883.23 2
5730 455.008 2
5730 1806.24 2
5730 2600.44 2
5730 2253.19 3
5730 534.161 2
5730 2789.09 2
5730 3597.05 3
5730 454.178 2
5730 2600.05 2
5730 2120.3 2
5730 2340.05 3
5730 2401.08 2
5730 3690.27 3
5730 3963.16 2
5730 443.008 2
5730 455.221 2
5730 2577.07 2
5730 3725.1 3
5730 1240.21 2
5730 2528.22 3
5730 384.136 2
5730 1051 3
5730 912.078 3
5730 534.139 2
5730 1163.17 2
5730 401.001 2
5730 2826.33 2
5730 449.154 2
5730 424.164 2
5730 3607.07 2
5730 418.088 2
5730 1477.03 2
5730 610.037 2
5730 443.043 2
5730 3495.08 2
5730 3064.23 3
5730 3614.12 3
5730 2717.04 3
5730 3597.15 2
5730 397.102 2
5730 383.105 2
5730 2861.11 3
5730 384.082 3
5730 1410.3 3
5730 399.12 2
5730 2717.09 2
5730 443.072 2
5730 438.188 2
5730 4813.18 2
5730 3115.17 3
5730 3211.09 3
5730 2877.3 2
5730 3495.19 2
5730 1943.11 2
5730 3349.07 3
5730 2952.22 3
5730 1676.36 3
5730 2772.24 2
5730 392.146 3
5730 2206.22 3
5730 2282.05 2
5730 4888.18 3
5730 3585.07 3
5730 2574.28 2
5730 2253.2 2
5730 404.05 2
5730 2601.05 3
5730 3725.18 3
5730 445.154 2
5730 924.013 2
5730 3614.23 2
5730 534.226 2
5730 1960.22 3
5730 383.037 2
5730 3725.03 2
5730 1557.12 2
5730 401.029 2
5730 397.117 2
5730 3607.21 3
5730 424.103 2
5730 2756.01 3
5730 3963.13 2
5730 2006.11 3
5730 425.001 2
5730 427.146 2
5730 415.016 2
5730 4395.07 3
5730 2340.1 3
5730 2574.15 3
5730 395.169 2
5730 2188.28 2
5730 383.112 2
5730 3607.25 3
5730 452.085 2
5730 455.102 2
5730 3567.02 3
5730 1173.13 2
5730 2848.1 3
5730 2864.32 2
5730 3041.25 2
5730 3201.11 3
5730 394.114 2
5730 401.002 2
5730 422.01 2
5730 2622.04 3
5730 454.034 2
5730 2717.19 2
5730 2054.18 3
5730 1597.12 2
5730 397.21 2
5730 404.013 2
5730 2383.13 2
5730 2586.12 2
5730 2717.01 2
5730 2597.11 2
5730 1019.05 2
5730 1671.05 2
5730 432.035 2
5730 2659.04 3
5730 4987.02 3
5730 445.135 2
5730 2528.14 2
5730 455.091 3
5730 445.177 2
5730 2864.28 2
5730 383.055 2
5730 1065.17 2
5730 2838.05 2
5730 1283.17 3
5730 455.235 2
5730 424.133 2
5730 434.12 2
5730 2576.13 2
5730 3873.19 3
5730 438.134 2
5730 2826.16 3
5730 2826.12 2
5730 3159.05 2
5730 1185.18 2
5730 404.098 2
5730 2715.26 2
5730 3128.14 3
5730 912.055 2
5730 441.021 2
5730 1477.31 2
5730 2188.15 2
5730 2658.05 3
5730 3991.13 3
5730 1844.21 2
5730 403.111 2
5730 2637.11 3
5730 448.034 2
5730 2877.23 2
5730 443.17 2
5730 3690.09 3
5730 2711.03 3
5730 1240.25 2
5730 445.054 3
5730 2894.07 2
5730 2607.18 2
5730 3991.09 3
5730 3314.24 2
5730 441.084 2
5730 3607.27 2
5730 542.041 2
5730 3567 2
5730 2512.06 2
5730 2883.45 2
5730 3221.11 3
5730 2646.18 2
5730 2838.06 2
5730 1068.11 3
5730 3159.12 3
5730 3321.08 2
5730 3291.03 2
5730 2512.24 2
5730 2188.25 3
5730 415.001 2
5730 1557.11 2
5730 924.034 3
5730 454.144 2
5730 2174.21 3
5730 2964.17 3
5730 2848.07 2
5730 2826.27 3
5730 1765.03 2
5730 424.019 2
5730 455.152 2
5730 2877.08 2
5730 455.106 2
5730 1963.07 3
5730 377.215 2
5730 2156.25 2
5730 394.174 2
5730 1943.01 3
5730 2601.12 3
5730 386.069 2
5730 3972.22 3
5730 383.054 2
5730 415.169 2
5730 4007.17 3
5730 445.145 2
5730 4088.18 2
5730 2715.28 2
5730 384.084 2
5730 3335.14 3
5730 384.073 2
5730 2520.14 3
5730 3128.1 2
5730 534.015 2
5730 2577.11 3
5730 438.054 3
5730 1397.1 2
5730 377.079 2
5730 2174.1 3
5730 443.133 2
5730 445.125 2
5730 2826.05 3
5730 392.067 2
5730 1696.32 2
5730 3734.01 3
5730 415.222 2
5730 403.119 2
5730 454.001 2
5730 4088.02 2
5730 1992.13 2
5730 384.183 2
5730 429.05 2
5730 427.013 2
5730 3211.03 3
5730 1163.25 3
5730 412.182 2
5730 4602.05 2
5730 1616.3 3
5730 4086.21 2
5730 2188.17 2
5730 542.209 2
5730 2282.08 2
5730 1397.44 3
5730 3963.06 3
5730 441.071 2
5730 1823.1 2
5730 1283.22 2
5730 3181.14 2
5730 3128.24 3
5730 2282.12 2
5730 455.037 2
5730 4002.16 2
5730 427.138 2
5730 386.211 3
5730 2861.19 2
5730 1557.15 2
5730 445.094 2
5730 1683.16 2
5730 2340.13 2
5730 455.117 2
5730 1949.22 2
5730 438.232 2
5730 434.089 2
5730 441.232 2
5730 3647.01 2
5730 383.131 2
5730 4524.14 3
5730 453.099 2
5730 401.113 2
5730 427.02 2
5730 3734.2 3
5730 415.21 2
5730 441.018 3
5730 2305.07 2
5730 429.126 2
5730 2637.06 2
5730 2206.2 2
5730 1989.02 2
5730 2711.14 2
5730 4314.06 3
5730 401.121 2
5730 449.135 2
5730 355.006 2
5730 355.191 2
5730 2964.04 2
5730 384.093 2
5730 3321.04 2
5730 2383.1 2
5730 443.247 2
5730 427.079 2
5730 454.071 2
5730 424.132 2
5730 452.052 2
5730 422.074 2
5730 386.019 2
5730 2826.17 2
5730 2216.13 3
5730 2826.13 3
5730 2643.02 2
5730 1676.14 2
5730 3468.12 2
5730 4968.21 3
5730 1173.02 2
5730 2711.19 2
5730 402.199 2
5730 445.122 3
5730 2480.05 3
5730 3607.1 2
5730 2277.03 3
5730 3332.09 2
5730 2054.06 3
5730 2586.09 3
5730 2861.14 2
5730 402.151 2
5730 392.173 2
5730 3294.28 2
5730 412.186 2
5730 455.24 2
5730 2300.29 2
5730 3734.1 3
5730 3221.12 3
5730 2959.08 2
5730 383.026 2
5730 1173.2 2
5730 1557.17 2
5730 448.007 3
5730 1635.2 2
5730 2659.13 3
5730 1992.08 2
5730 399.08 2
5730 395.159 2
5730 1410.08 3
5730 2675.1 3
5730 2864.31 3
5730 427.041 2
5730 2028.03 2
5730 2512.12 3
5730 404.11 2
5730 1989.11 3
5730 2952.18 2
5730 445.01 2
5730 395.122 2
5730 3041.38 3
5730 472.011 2
5730 2646.19 2
5730 3332.06 3
5730 403.005 3
5730 438.053 2
5730 2586.03 3
5730 3041.17 3
5730 1766.18 3
5730 399.094 2
5730 452.067 2
5730 2156.04 3
5730 425.006 2
5730 924.136 2
5730 1173.23 3
5730 2245.21 3
5730 2600.37 3
5730 3915.07 2
5730 386.172 2
5730 2512.31 2
5730 443.03 3
5730 2756.01 2
5730 384.017 2
5730 438.081 3
5730 1494.31 2
5730 2216.11 3
5730 455.202 2
5730 2601.22 2
5730 1902.07 2
5730 443.047 2
5730 2220.18 3
5730 3349.06 3
5730 2520.1 3
5730 2028.03 3
5730 403.219 2
5730 432.097 2
5730 3089.21 3
5730 1844.02 3
5730 1989.1 2
5730 1753.23 2
5730 2756.1 3
5730 438.192 3
5730 2383.12 2
5730 4968.28 2
5730 397.12 2
5730 404.214 2
5730 3221.17 2
5730 2088.01 3
5730 4888.2 2
5730 924.043 2
5730 1051.18 2
5730 2756.12 3
5730 1397.32 2
5730 2864.24 3
5730 425.126 2
5730 2643.14 2
5730 3335.03 3
5730 3991.11 3
