5730 421.126
5730 1480.33
5730 2821.33
5730 3213.32
5730 392.103
5730 2228.12
5730 556.142
5730 2716.45
5730 476.027
5730 3121.84
5730 2337.62
5730 2218.36
5730 388.056
5730 2502.08
5730 365.247
5730 2632.25
5730 2575.7
5730 2990.31
5730 3014.2
5730 322.862
5730 2859.19
5730 3760.83
5730 1491.66
5730 2636.93
5730 4178.15
5730 2249.51
5730 2445.55
5730 299.622
5730 230.242
5730 224.196
5730 4224
5730 271.41
5730 3390.79
5730 2477.14
5730 2130.12
5730 3532.42
5730 243.123
5730 2379.79
5730 2045.02
5730 177.141
5730 1271.07
5730 2430.33
5730 207.547
5730 3430.22
5730 2973.99
5730 1735.74
5730 838.377
5730 1255.32
5730 1868.63
5730 2919.41
5730 4276.28
5730 2970.23
5730 173.457
5730 2805.22
5730 1563.48
5730 2051.89
5730 2311.78
5730 2332.54
5730 1571.78
5730 1752.65
5730 168.371
5730 1486.15
5730 3320.03
5730 3566.58
5730 315.319
5730 1298.09
5730 1855.25
5730 1093.88
5730 1085.58
5730 1893.25
5730 2631.55
5730 124.034
5730 3366.04
5730 1664.71
5730 3720.3
5730 2082.46
5730 1782.45
5730 3271.16
5730 1169.37
5730 1717.1
5730 2430.07
5730 608.403
5730 191.356
5730 1843.11
5730 2605.12
5730 197.039
5730 2412.86
5730 1482.85
5730 4347.85
5730 1850.9
5730 1616.07
5730 2206.67
5730 1446.26
5730 3090.99
5730 2127.28
5730 1515.45
5730 1578.48
5730 2295.1
5730 541.555
5730 623.047
5730 3035.82
5730 1975.25
5730 1390.34
5730 2257.91
5730 341.096
5730 3063.11
5730 1457.06
5730 2719.08
5730 1665.46
5730 1446.05
5730 1329.84
5730 1365.84
5730 2921.29
5730 2100.39
5730 1464.23
5730 1548.8
5730 1506.29
5730 2002.47
5730 2981.63
5730 1511.04
5730 1886.07
5730 921.029
5730 1993.84
5730 2035.95
5730 2544.77
5730 3233.3
5730 1771.9
5730 1011.99
5730 3218
5730 798.193
5730 2051.36
5730 863.404
5730 720.337
5730 1938
5730 835.687
5730 457.828
5730 3196.81
5730 3297.12
5730 2652.89
5730 1873.19
5730 1762.86
5730 2199.63
5730 1457.56
5730 1664.47
5730 1231.05
5730 4029.99
5730 1595.02
5730 2266.75
5730 1910.31
5730 2278.94
5730 276.144
5730 4073.65
5730 1863.84
5730 751.505
5730 1379.29
5730 1079.74
5730 111.931
5730 1832.74
5730 1735.23
5730 1767.88
5730 1883.87
5730 940.63
5730 1773.01
5730 1692.9
5730 166.747
5730 1804.65
5730 1803.59
5730 2038.89
5730 2322.54
5730 1487.79
5730 913.898
5730 1561.66
5730 1590.9
5730 1263.93
5730 2256.25
5730 334.78
5730 1194.98
5730 1781.18
5730 2217.99
5730 1731.98
5730 2471.33
5730 3273.87
5730 1668.01
5730 1668.77
5730 1141.8
5730 2440.1
5730 1674.45
5730 970.202
5730 905.524
5730 1637.91
5730 3310.93
5730 688.9
5730 3331.06
5730 1095.42
5730 3249.13
5730 2629.87
5730 2418.67
5730 1422.23
5730 304.825
5730 2136.38
5730 707.13
5730 682.062
5730 919.622
5730 2562.22
5730 1608.38
5730 832.185
5730 2437.87
5730 442.881
5730 2117.02
5730 1171.99
5730 405.342
5730 368.509
5730 3375.17
5730 764.176
5730 648.769
5730 281.195
5730 1533.29
5730 599.374
5730 590.907
5730 580.497
5730 234.159
5730 835.049
5730 377.582
5730 341.971
5730 350.544
5730 2112.95
5730 2752.18
5730 798.12
5730 410.506
5730 337.027
5730 1791.86
5730 239.306
5730 813.819
5730 364.339
5730 234.133
5730 1900.31
5730 1078.15
5730 380.918
5730 2579.02
5730 2916.24
5730 1258.84
5730 887.191
5730 508.801
5730 1726.82
5730 623.037
5730 1762.71
5730 583.694
5730 283.861
5730 588.661
5730 1227.29
5730 1256.02
5730 329.111
5730 671.519
5730 441.997
5730 707.045
5730 311.913
5730 225.496
5730 2326.6
5730 99.5519
5730 179.494
5730 2067.07
5730 1529.39
5730 1385.02
5730 369.421
5730 810.575
5730 479.847
